5.804964121364107
5.001942918338768
-5.020276466525706
-5.733864167874156
-5.6552824479716985
2.369539644391648
-4.464796217050841
4.867010918420339
4.057890023210297
5.618001220551512
-5.118699564296364
4.323680943993107
3.2941840730925267
3.732844224439256
4.071966362313493
4.92061580071508
-5.887904978647721
5.973417512182082
-4.621746179003687
3.5630696321296678
4.188253175159374
-5.2190975656241
1.3110021348187673
4.688976053210408
-3.1403518283253637
3.548375490739565
-4.429599954627371
-1.141033765849887
5.090298917229951
2.8730856203367705
-5.031772280139599
6.384375561083339
-2.4867757048822283
4.062678998321354
-4.310628110851545
2.0103221473647657
-4.214027956351371
-6.160700579068967
5.570028490246379
-5.851087019212355
3.335880136806748
6.758971740716972
-1.7822668088099207
-4.924666650429743
-4.049191132736865
-4.574893019188653
3.828823476477868
4.3529715607517465
3.543369240825368
4.46499107777677
-2.5218178621973832
4.313501082682954
5.21276120272099
-3.6221849535689525
-5.5864597267548595
-6.2245235234612695
4.303162128122043
-3.0742311452661952
-5.199635391168756
-4.056947862176694
-4.930877070929771
-3.7558278706394908
5.970978049308575
4.120123819111042
-3.321226889098741
4.314564285987532
5.293488719900703
-2.0625955828100526
4.638876813935218
3.831086029510733
-5.1642195682593695
4.128043346420684
-4.464294803956861
4.91853009300254
-5.563589425086556
-5.93225919434405
4.270858175090481
-5.155078090608961
4.28590041111627
-4.482050663444011
-1.1397785106292517
5.093482730797933
-6.280809343154121
4.730734191524446
5.486641016510517
4.994505503201469
-4.841850761812015
3.9650759829490405
-5.239189738331792
-5.757104228572607
-3.540457889208654
4.168846847187475
-4.227397067753111
5.24812441063322
-5.461107126191511
-6.0285170260460115
5.463578178698246
-2.180258624542473
-4.744367815565124
-5.164224660328407
